PG num	LCCN
460	06006744
474	72012693
2038	10011468
7479	17029735
7863	19003497
7997	00000087
8946	48025319
9653	41040759
9664	16008225
9746	15021442
9749	15019412
9775	17021974
9778	11014752
9790	04027127
9794	17026784
9806	09024258
9807	22001723
9808	20022232
9809	25007158
9812	16011588
9829	21022333
9832	05012705
9834	20000627
9835	21017370
9836	18006645
9838	99001236
9839	01025042
9844	13004352
9849	11027305
9851	82025246
9852	19003700
9853	83223795
9856	17024857
9858	21004908
9864	22005161
9865	46007190
9867	86006183
9871	08013951
9872	07040278
9873	17005450
9874	16018047
9879	13035198
9888	10022862
9899	17018595
9900	c  98000068
9901	15017760
9902	22019483
9903	78002354
9906	85891300
9908	18002606
9923	19015544
9925	77123498
9928	21013706
9929	05007599
9948	42047088
9949	13002622
9952	18022445
9955	21004141
9963	11015097
9964	a  12000363
9965	04031653
9966	18021686
9967	21014701
9974	22008943
9978	87153538
9989	13026176
9991	23006303
9994	12000285
9995	21000071
10002	75028857
10004	03016392
10012	rc 01000874
10021	82025246
10025	18007293
10029	18005506
10041	15020589
10043	01015732
10046	17026974
10049	72113682
10050	72113682
10051	72113682
10052	72113682
10053	f  01000291
10057	19012254
10062	07012838
10063	04012112
10064	15024858
10065	23002414
10066	76008886
10067	12006864
10068	10016715
10070	unk84177106
10076	21001354
10078	17024530
10080	18012004
10081	86188352
10082	16021060
10083	10007026
10088	11006869
10094	01031062
10095	03017945
10096	15013009
10097	15014700
10099	17029472
10101	18018543
10102	05036289
10103	05007599
10109	22010170
10110	16002214
10111	07028978
10112	84122210
10114	05007599
10122	18013300
10128	05007599
10135	10005056
10139	03020205
10142	21021761
10145	18001401
10146	20000866
10147	19001191
10150	75302887
10151	05007599
10159	19002390
10163	16011051
10165	06044866
10166	16002402
10201	82019117
10210	18018404
10217	03026358
10225	17030365
10226	04016152
10234	07001237
10268	04023767
10291	19003024
10293	05041593
10294	ca 17002801
10321	09009507
10322	06030406
10323	10010700
10327	21019395
10333	16010488
10335	04003707
10337	95118753
10340	04016157
10341	05007599
10355	04019928
10356	04019928
10358	05023032
10368	99004700
10370	07033325
10371	17015545
10373	19015735
10374	20007723
10376	21021358
10387	07033332
10391	85891014
10392	05005949
10394	07018095
10396	07025662
10397	06034368
10398	13005598
10401	14019577
10402	12006862
10410	08002614
10417	unk82059544
10418	11029082
10429	21019675
10431	11021103
10436	22000476
10437	17022912
10438	17010164
10439	07028615
10440	20006289
10441	10009851
10443	22007438
10445	04013624
10447	11000958
10448	74212908
10457	13026674
10464	11006642
10469	a  12000792
10471	41005642
10474	17031650
10477	03006173
10478	03006173
10481	71278620
10484	03006178
10485	13015248
10491	09030867
10496	21009710
10506	28015920
10508	08028060
10509	16004391
10515	18016731
10519	07009472
10522	03006178
10531	03006178
10532	03006178
10533	03006178
10534	15011000
10537	09014415
10541	10004577
10542	75028855
10557	w  10000005
10575	21011495
10579	ltf91077139
10580	06039000
10585	01020325
10586	69014775
10588	14002329
10589	18010171
10592	89003616
10593	17028078
10599	20017180
10601	84024641
10603	ltf90029950
10605	87026428
10607	16015134
10608	03005535
10611	84233329
10613	13019047
10619	02002209
10624	97029663
10627	03006178
10629	10001474
10632	17025070
10633	02019713
10635	unk83073046
10637	05006434
10638	04023117
10639	10030052
10642	22005294
10658	11024362
10659	97029663
10662	75028858
10665	03015210
10668	15021975
10674	22000331
10675	17017652
10679	08030224
10685	20019084
10696	30012327
10707	10023938
10709	75032782
10713	19025949
10714	39019488
10715	39019488
10716	15003060
10723	08016281
10728	98000199
10731	39019488
10732	39019488
10736	13012909
10738	17000248
10739	39019488
10741	39019488
10742	64058138
10743	62004493
10744	08033106
10745	84233040
10747	10019179
10756	07009473
10760	01006929
10761	06027313
10762	46038718
10765	02008949
10777	07013144
10804	74017293
10807	02027350
10808	24001086
10809	unk83025623
10810	04029192
10812	00000340
10815	56053809
10817	22023903
10818	a  23000598
10826	07012591
10827	43030631
10832	48005230
10833	39019488
10844	09031678
10846	20019087
10853	unk82075179
10855	08012198
10856	97908674
10858	56053809
10861	2002555564
10865	60050046
10868	21012084
10870	07012890
10877	85213362
10878	12016762
10879	56053809
10880	07013145
10881	49042260
10882	04027122
10884	77009307
10886	19004517
10893	56053809
10894	56053809
10895	56053809
10898	a  15001618
10909	ltf91059897
10910	12036144
10911	58001043
10913	03014537
10914	32032361
10919	56053809
10922	99002126
10926	07025586
10930	18020780
10932	12009957
10936	12022563
10942	01031397
10943	09013428
10944	22023262
10946	04014558
10947	20012376
10948	08015535
10949	03019537
10951	56053809
10956	w  10000076
10957	03022833
10958	07020110
10960	22006335
10965	27000838
10966	10009915
10968	2002034977
10970	13009489
10972	20006831
10973	08015542
10974	01005818
10977	21020592
10978	20015343
10986	2001047756
10990	15008458
10999	91218783
11007	38029445
11012	89022919
11013	26021283
11014	15016883
11015	08008505
11016	13008761
11019	16007543
11020	55045715
11021	56053809
11022	93038597
11030	99031521
11031	04017195
11034	56053809
11043	22002220
11046	unk84030361
11047	17006664
11050	04015095
11051	02022986
11053	93038597
11056	93038597
11057	00000113
11062	99004927
11063	12025423
11068	90118829
11069	15009961
11070	06039610
11084	22014549
11085	44033120
11088	03022570
11089	96209148
11090	22008063
11093	20006637
11100	12032493
11101	08024881
11102	99004743
11104	20017098
11106	08015664
11113	03031250
11114	08004960
11116	unk83030269
11119	02015006
11123	14002927
11125	56053809
11137	68055916
11141	04018329
11143	20008035
11144	15026506
11146	97025362
11153	03009337
11163	20016802
11165	21017912
11167	15008584
11172	unk80000474
11175	18016307
11178	96141258
11179	14002329
11192	06034847
11197	14016478
11198	w  09000339
11202	56053809
11214	69018595
11216	21015253
11217	11009941
11223	16016258
11228	92031334
11229	77008905
11232	17003729
11238	10019948
11247	21004129
11251	15002014
11252	07026100
11256	09005190
11257	98000330
11260	26023884
11266	20002929
11278	02018027
11279	07017384
11287	01026131
11289	16012241
11309	00002786
11311	18018958
11313	02005187
11314	56053809
11319	20023059
11324	17029334
11325	18010698
11328	30012344
11329	02002857
11333	96119071
11339	12029984
11345	12024418
11349	16014621
11351	10023651
11352	27007380
11353	04007945
11354	05032700
11355	68083892
11360	19019875
11366	14002927
11368	unk83006448
11371	09003014
11372	68057543
11373	09028041
11379	03014863
11391	mic60007410
11395	18017641
11402	22016148
11403	w  10000116
11410	22019968
11417	36037648
11418	68020017
11421	05039582
11424	15024465
11431	11003197
11432	28006595
11436	unk83007920
11437	unk83007920
11439	unk83005639
11441	08003731
11449	35014133
11451	07009550
11452	unk83007920
11454	02000392
11464	70132075
11470	98001041
11484	09000055
11489	84232131
11490	66031730
11493	08023104
11496	00522081
11497	96129287
11499	64057374
11502	a  16000697
11505	08034727
11506	17010115
11509	13015963
11513	16002411
11514	68023722
11520	21019201
11521	79098862
11526	rc 01001714
11534	03013822
11545	01024700
11547	2003053746
11553	unk83028314
11554	16002387
11560	war15000019
11562	36037587
11571	20003076
11572	08023920
11574	19002908
11580	03031485
11581	21026289
11585	45026348
11589	84253725
11600	04000637
11601	04000637
11603	15006323
11605	15005629
11608	09012231
11614	07004160
11618	11016089
11623	01000504
11625	21007335
11627	08033883
11632	09002737
11633	03017921
11643	47030180
11655	12009961
11658	11000511
11663	90104531
11666	68020007
11667	07028135
11668	09022185
11671	08015538
11672	15000395
11673	09006875
11674	21021763
11675	15011035
11677	ltf91065202
11681	22017361
11683	07009842
11686	08006883
11688	04033922
11689	15013348
11690	03003871
11691	17005404
11692	14002927
11693	08033883
11694	01004113
11697	19012982
11698	12016870
11701	11031909
11702	18016736
11703	30005249
11708	01005577
11711	43040643
11713	08033883
11715	17003890
11716	unk83001669
11717	2002554497
11719	08032648
11722	05027543
11725	02000376
11731	22001107
11737	13022882
11749	13006061
11753	04032482
11758	16015029
11760	08033883
11771	2003556075
11774	16016048
11858	15019355
11859	11027409
11867	33017485
11870	a  13002272
11873	49034622
11875	20010053
11876	14018337
11878	16022394
11881	17008585
11883	19012909
11895	13003744
11896	04010754
11897	22005768
11898	14002329
11901	00002931
11902	05003060
11906	16007943
11911	10022827
11912	90955099
11913	06046147
11914	96164940
11917	04003438
11918	00000545
11922	rc 01001079
11924	58008584
11927	02006336
11930	00006497
11931	08020347
11933	04032553
11934	01005431
11935	74105838
11938	10006552
11945	43037704
11949	15007733
11950	20007777
11960	16009066
11961	19004445
11962	08007899
11967	67118605
11969	16017688
11981	08033883
11982	75162284
11984	09009478
11985	10010220
11986	22005816
11987	21004166
11991	08032385
12001	04013986
12014	13020716
12015	11005992
12016	07036661
12019	unk82092757
12020	04032280
12022	17014340
12025	13023174
12026	21006984
12027	unk81057541
12033	20013138
12034	21009745
12035	10006253
12036	17007359
12037	82203971
12041	19004406
12042	11032222
12044	69013828
12045	04027686
12049	16012646
12052	10007633
12057	05033630
12060	14002927
12067	08015667
12068	75084186
12069	07022831
12071	88180024
12075	ltf91065740
12078	01026264
12081	55054174
12083	02012949
12084	17013079
12085	unk80012308
12086	49033059
12089	52045063
12090	13020716
12092	07037991
12096	05020750
12099	85243087
12100	07034775
12101	79112282
12104	00005431
12106	04022860
12111	14022341
12136	04007950
12138	04007949
12139	41042438
12140	13013061
12142	12039906
12143	57052243
12162	04007947
12164	11026406
12170	08020578
12171	14011168
12175	09028213
12176	98001568
12177	14003107
12179	22002739
12181	08034858
12183	01016762
12184	02013095
12190	21012945
12191	98001115
12192	09026672
12194	08032676
12195	06037563
12199	04022070
12216	93012468
12217	15020139
12220	14018743
12225	22018521
12226	10028964
12229	00006868
12234	08028887
12235	12004637
12239	20019048
12243	06014916
12245	84225350
12249	07041432
12252	15024363
12256	99005712
12264	16002130
12265	20012813
12270	01029886
12272	03008353
12277	04015292
12279	02022844
12280	98195784
12281	06009625
12282	33003416
12284	f  01000374
12287	07038536
12288	08017703
12290	08009795
12293	agr13001941
12299	14014612
12300	04017343
12302	17029361
12303	07008854
12304	06018952
12307	32020659
12308	41038149
12314	10019379
12317	99004934
12318	56053809
12320	75326800
12321	28021512
12324	08019738
12326	96166456
12327	88180014
12328	10010265
12329	99001634
12334	00006471
12335	06033387
12337	a  24000617
12342	17029662
12343	52067467
12344	58051908
12346	13020466
12347	76153961
12348	07002909
12349	19002710
12351	14002927
12352	76153097
12353	08006812
12354	08016116
12355	04007946
12357	22026240
12358	unk83019590
12364	10034241
12366	88953763
12368	22016619
12369	02020259
12371	08033484
12375	17007207
12376	12027351
12385	42039361
12388	08030131
12389	75311486
12391	ltf91069554
12402	14000835
12403	06015108
12404	14002329
12405	43039955
12406	21016032
12409	2001529894
12411	01012445
12415	15007604
12416	00003170
12419	11016158
12422	01007671
12425	12024777
12427	08017757
12429	12029486
12430	06029662
12431	18019413
12435	20011178
12436	20020942
12439	43034802
12442	22014542
12443	agr21001115
12450	11023055
12452	09002214
12453	08034835
12455	04004057
12456	12025284
12460	08015540
12462	56053809
12463	56053809
12464	56053809
12470	ca 09006133
12473	14002927
12478	22012340
12481	10020653
12483	45029042
12484	21016871
12492	05002579
12494	21021967
12495	21013416
12506	03021495
12508	81470578
12509	22007534
12513	78304895
12516	11028076
12518	rc 01000801
12519	73169876
12520	19014230
12523	18016740
12527	22005524
12528	unk83025146
12529	06028249
12540	22019955
12541	19005303
12544	04017991
12548	00001637
12549	02022199
12556	01031317
12557	13006732
12560	23004979
12570	17013075
12571	20015063
12573	14002927
12577	06022249
12580	09004493
12581	53056696
12585	20022713
12590	02021095
12592	74075845
12594	18015045
12596	20017411
12600	79111845
12606	ca 12001063
12611	74017073
12617	48043989
12625	18018805
12626	10012630
12629	21020134
12630	16009576
12635	03006936
12638	04007730
12640	14017946
12644	17022575
12647	74075845
12648	22021924
12649	22019145
12652	10012008
12653	98001846
12654	80108160
12656	86187326	86187292
12657	10012629
12658	03027493
12659	22005605
12661	01003748
12662	04018898
12663	16008232
12670	12004482
12673	18008985
12677	14016210
12678	10008933
12680	09002205
12682	86187295
12684	21021946
12686	13017653
12687	18017471
12694	08037283
12696	a  40002547
12725	07001627
12732	41034147
12740	20007661
12742	20007207
12743	14014556
12746	15024363
12748	43040447
12754	56053809
12755	56053809
12758	08035588
12759	04030973
12762	unk83008789
12763	16020440
12764	18016735
12769	17004794
12770	08024290
12771	06001407
12773	22006319
12779	11019414
12780	97142465
12784	15024363
12788	02020259
12789	17024402
12790	93838311
12791	11004936
12793	a  21000134
12794	19015915
12797	03012817
12798	78304752
12799	08032413
12800	54002907
12801	54002907
12805	86187300
12808	07021181
12811	11008467
12813	16008357
12814	16022947
12815	96126967
12816	01012865
12817	04019421
12818	a  12001623
12821	45050599
12826	16000099
12828	74075845
12829	20006261
12830	08031691
12832	03028123
12833	06004524
12839	22006602
12843	48043255
12846	mic59007384
12848	29000815
12851	04028956
12852	30028784
12853	04005501
12854	40023890
12855	18016741
12856	02018117
12858	09028246
12859	01031895
12863	20001943
12864	e  09001245
12867	16003540
12868	21021220
12870	20019340
12871	16020562
12874	09029788
12876	07040246
12877	18013027
12879	15014275
12882	20007207
12884	07016751
12887	17013235
12888	14002927
12890	15020494
12891	07007196
12892	11015857
12894	96907325
12896	15004382
12908	17028797
12909	21000618
12910	03023829
12911	22009636
12912	14010073
12914	16013998
12919	04009634
12920	14008223
12922	04005082
12924	04030973
12925	04030973
12926	a  13000355
12931	16006436
12932	70186096
12933	16017130
12935	21016802
12953	73110328
12955	08018391
12959	24016733
12960	sf 89099097
12974	72139764
12976	01009411
12977	20014161
12978	02028787
12983	20015962
12984	02000001
12985	02000001
12986	81473167
12989	09027447
12991	10023317
12992	04017799
12995	12009187
12996	23005714
12999	48025319
13001	rc 01000765
13003	12034886
13004	03020886
13007	03000391
13009	19012621
13012	56053809
13014	73164646
13015	ltf91004268
13017	08002612
13018	18021221
13019	05032478
13020	86187292
13021	56053809
13023	68047913
13028	02020259
13029	22008068
13030	14002927
13031	15010057
13032	15022483
13034	20004960
13037	12018759
13040	15024363
13041	77577204
13044	03031191
13045	19014927
13047	10011976
13055	05040748
13056	14002927
13057	41031119
13058	14016469
13061	sf 89099097
13064	04022753
13069	12021610
13071	19018643
13072	16008098
13073	00001595
13077	07011920
13084	39030217
13085	17011707
13088	75108126
13089	12024030
13091	15026257
13095	02000369
13097	28006965
13105	06042759
13106	06042759
13107	19019140
13111	a  10002245
13114	12024904
13115	02004810
13116	sf 89099097
13117	2002556409
13118	17030910
13119	00003021
13123	22004981
13124	05021060
13125	19001189
13127	18002326
13128	04024367
13130	05040748
13131	75046280
13132	21018083
13141	05036119
13143	08027503
13144	63024493
13145	sf 89099097
13146	20018254
13147	14011725
13154	sf 89099097
13155	12029333
13157	14006615
13160	01016425
13161	19009944
13162	04015064
13163	04031129
13167	77137755
13169	15024363
13170	28030431
13176	79170041
13177	10008398
13178	21014545
13179	14001068
13180	06020360
13181	11031637
13182	10015218
13188	a  15000519
13191	06043991
13194	10010512
13195	sf 89099097
13197	07026643
13201	83460146
13204	42043207
13206	02027431
13209	28018126
13210	17009390
13211	08026403
13220	02020259
13222	rc 01000875
13223	04013911
13224	04013911
13225	05040748
13226	11031496
13228	unk82057827
13232	02025196
13236	15003331
13237	11004838
13239	21001536
13240	12024679
13242	sf 89099097
13243	00006375
13246	02008117
13249	13001670
13254	11025126
13257	09008346
13261	09013923
13262	04016991
13264	30030076
13273	13013494
13275	19015770
13276	42035606
13277	02022669
13280	03006936
13282	21012085
13287	05040748
13288	16006820
13289	03010193
13290	36037130
13292	20018389
13293	11002081
13295	07031821
13296	10009083
13298	a  10001615
13300	23004185
13302	14019381
13304	04012672
13307	21003632
13308	76399138
13314	74016059
13321	11027489
13332	14007187
13333	15018523
13334	66014638
13336	f  01000378
13337	07037712
13340	unk82069408
13342	03013072
13343	15008429
13345	17029178
13350	50009345
13360	20015463
13363	07027625
13366	05040748
13369	10021747
13370	17027983
13372	13005687
13381	05040748
13384	unk81057494
13385	f  01000381
13392	10008462
13395	22013542
13396	14030417
13397	76039864
13400	unk81047460
13403	68005149
13405	42029938
13407	07031387
13410	85223181
13423	09022948
13430	20026990
13432	ca 10002798
13434	11018742
13437	17020418
13440	sf 89099097
13441	22020942
13442	09022208
13448	22026032
13449	13021780
13453	08026683
13455	02016918
13458	05042299
13464	51012964
13467	07017398
13469	03002183
13472	18016901
13474	04015627
13476	46028246
13477	10022819
13479	85117333
13481	04017988
13483	11018688
13484	48004102
13485	51013000
13488	67028412
13489	12017324
13490	f  01001399
13492	10000369
13493	07026052
13496	18003020
13497	21013713
13498	20002264
13499	28017934
13501	16021051
13504	08037088
13506	04015182
13508	22016032
13517	10018610
13519	23001242
13520	02020259
13522	w  06000309
13530	12016964
13531	08015668
13537	11018257
13541	09005876
13542	15018826
13543	03010200
13547	21008686
13548	67026721
13549	68054793
13552	01003827
13553	22000613
13555	20017316
13556	02022305
13560	12026312
13561	08013607
13562	f  01000389
13567	01018551
13568	17004988
13574	19003313
13576	07032446
13597	06030886
13603	18026566
13604	77235347
13606	05040748
13610	10015681
13611	38010183
13612	78007414
13613	33004020
13614	33004020
13615	10006075
13617	56053809
13618	03014038
13619	04012154
13623	02020259
13624	02022806
13627	77353723
13635	unk83000251
13636	sf 89099097
13637	sf 89099101
13646	00517384
13647	11026521
13648	75311753
13649	99004939
13654	f  01001396
13655	sf 89099097
13656	06035999
13664	13012550
13665	19015629
13667	06031599
13670	10009821
13673	24016749
13674	10011289
13675	00005415
13678	99001069
13679	13001636
13685	07031217
13694	19019956
13706	19007231
13707	03028138
13715	16023553
13716	75010665
13718	11029867
13722	73077121
13723	11002691
13724	04008579
13728	03021947
13731	06038393
13733	65055565
13743	48025319
13748	66032723
13750	24028205
13755	03012090
13756	14000502
13757	99005818
13758	10019961
13759	34004111
13760	44045866
13763	19012983
13764	23026547
13767	unk84131654
13770	sf 89099097
13774	21007337
13775	19019502
13776	09019172
13778	16017130
13783	16001482
13784	99005065
13785	22017793
13786	03019188
13790	72194432
13791	27020149
13801	20006288
13806	05014126
13809	01013713
13811	01028131
13812	04006876
13813	11021861
13814	06009648
13823	10009514
13824	97142994
13826	98001498
13827	19014237
13828	sf 89099097
13830	70263963
13831	a  12001385
13832	unk82109062
13833	13019165
13835	06028070
13836	unk83028128
13842	01025416
13843	43048599
13844	14011356
13845	ltf91063637
13846	11033721
13852	13020233
13854	13022479
13859	16002569
13877	16008094
13879	58005369
13880	20017181
13881	73621944
13882	74010486
13883	18003024
13885	12032163
13888	13023268
13891	56053809
13893	56053809
13894	13006523
13897	17024703
13906	22023355
13908	tmp82085895
13909	04016532
13911	16017130
13912	06033374
13913	07005062
13922	13017721
13923	76010221
13924	sf 98094157
13926	77354911
13928	09013610
13930	10027334
13931	06026763
13932	04027352
13933	10008421
13937	24022234
13940	66069477
13941	22024308
13942	31017683
13943	01013065
13945	03019107
13946	04016828
13955	14018397
13956	sf 89099097
13958	13000924
13960	22017941
13963	22008159
13964	sf 89099097
13967	05028013
13969	20012332
13973	13022297
13977	13005591
13980	15009963
13983	13025907
13985	13035387
13986	10034654
13987	11008390
13988	10034365
13993	18010169
13996	04025675
13998	08017329
14001	02014859
14004	52052869
14012	05029838
14013	74017144
14025	20002644
14029	08028628
14035	59051313
14036	sf 89099097
14039	15005598
14045	99002884
14047	48020745
14049	20008239
14051	34025486
14054	10020853
14055	18016360
14056	03016538
14058	a  58004940
14066	18006207
14068	03013056
14071	10029708
14072	unk82087965
14075	02015967
14076	21018317
14077	15002192
14078	04018276
14079	05010054
14081	15002199
14082	48033816
14084	51012967
14085	21019388
14086	17015170
14087	22019056
14095	22017041
14099	a  15000648
14103	12036164
14104	22018929
14106	16002958
14107	03012426
14108	10021755
14109	09000609
14115	02020026
14117	15015539
14119	22006515
14126	05008068	34037797
14128	20015071
14133	05013038
14134	43042903
14137	56053809
14139	unk82077776
14144	14021304
14145	21015552
14150	17011215
14153	13019503
14154	21013606
14167	22023718
14168	75046297
14171	19005199
14174	13006253
14175	13008074
14176	11004602
14185	22026883
14187	11022760
14188	14011054
14189	14008596
14196	20021011
14197	17018157
14201	42047702
14203	04014141
14204	20018837
14207	79368554
14211	00006904
14214	73355890
14218	33008203
14219	01031226
14220	91740943
14221	12018548
14222	42030908
14224	75035213
14226	99004026
14228	13003952
14234	18007406
14235	18013978
14237	35022771
14239	10011723
14242	12006556
14243	01026293
14247	ltf91093488
14248	11032712
14249	09025179
14251	12028804
14252	08027774
14253	41028182
14256	05005071
14257	73414062
14260	05007599
14262	06021867
14263	09007828
14264	72083742
14275	09025820
14276	04019750
14278	22009476
14280	unk84018935
14284	09024451
14293	55011956
14294	07002571
14297	07037527
14299	93232377
14301	20012951
14303	11010951
14313	39017490
14314	22016464
14315	02030166
14316	02024748
14317	75046295
14319	04012672
14323	74189352
14324	sf 89099097
14325	20022080
14327	sf 89099097
14329	03012603
14331	22016760
14332	13002503
14333	sf 89099097
14334	07006407
14339	06032322
14340	02010236
14342	04009492
14352	19014356
14355	09002775
14358	09031038
14362	07027615
14366	46039552
14367	16016077
14368	unk82047350
14372	f  01000501
14375	15003971
14379	12032329
14381	28011159
14392	13025028
14393	09012616
14394	41035138
14395	29025271
14396	17013623
14400	03018305
14402	2002106282
14407	65024140
14408	21011703
14409	06030382
14410	18008514
14411	23001228
14412	03017059
14416	77368865
14417	20017998
14418	15003376
14421	08037780
14422	34033696
14423	05040748
14429	05005089
14437	18003157
14441	w  06000156
14445	10025084
14446	56053809
14449	22019053
14456	13008079
14457	15024921
14459	84146622
14461	41030605
14463	51006627
14464	05040748
14465	04014526
14466	10035336
14467	51006502
14468	04007214
14469	13035815
14470	14002927
14471	ca 34000935
14472	78533064
14474	48035703
14475	ltf91077323
14476	04017770
14477	20005137
14478	19012694
14481	87129265
14482	03023478
14485	32017453
14487	16022855
14491	14014574
14492	12029964
14494	06007974
14495	a  49006118
14496	08006627
14498	06025881
14499	04004214
14504	46038407
14506	13021292
14509	sf 89099285
14510	04004132
14511	04004132
14513	02004948
14517	10011233
14519	a  14001044
14520	22004737
14524	sf 89099285
14526	07038261
14527	99005718
14528	47029184
14529	22009171
14530	sf 89099285
14532	21016856
14534	03022357
14535	00006103
14539	f  01001439
14545	22010862
14555	73168207
14562	07026695
14563	22006312
14564	12029542
14566	04025677
14571	16002137
14572	05034665
14573	20021966
14574	21005078
14575	02014684
14577	13009812
14579	21019926
14581	12013472
14584	56053809
14588	22023574
14596	33031204
14597	17013925
14598	09022181
14599	50017714
14600	21014140
14602	15005809
14604	04014537
14605	13024321
14606	16021938
14608	00003324
14609	43033904
14611	05040748
14614	01016995
14615	05042973
14617	94022012
14618	05010046
14619	01027851
14624	99005311
14625	17031267
14627	26014759
14629	19018544
14632	12005557
14633	00002919
14636	54004730
14644	16010686
14645	00002992
14646	19006409
14653	11030810
14656	10014155
14657	10007808
14658	07039522
14662	31012869
14663	04012672
14665	06027715
14667	44012068
14669	15026351
14671	02011739
14672	a  12000250
14673	02015289
14674	83204808
14675	11004844
14676	18002612
14678	74015979
14682	04002143
14684	10021325
14688	04032130
14691	sf 89099097
14696	06001567
14697	08023560
14699	14005831
14701	04010458
14709	sf 89099097
14710	27000334
14711	86188610
14712	14006799
14714	20008793
14715	13023377
14716	01027156
14717	19006139
14720	unk83070140
14721	20011541
14726	07006178
14728	15002489
14730	unk82099868
14731	72000539
14732	2003053259
14734	21012889
14735	20014002
14739	22020054
14740	05005442
14742	a  11000761
14744	06028758
14749	ca 12000605
14750	gs 06000749
14752	07031215
14755	07002181
14756	22014575
14757	20001014
14776	2004563353
14779	ca 10002807
14781	05006498
14792	91157035
14797	11032424
14798	11023370
14800	a  49004138
14809	09000541
14811	13003076
14813	00006646
14818	07025508
14823	17017623
14824	20020084
14825	20004766
14829	05034166
14831	02018087
14834	06011273
14835	14019360
14836	24006713
14837	07028973
14842	sf 89099097
14844	10009522
14851	66013830
14852	07026022
14853	04010076
14854	12021275
14855	30013040
14858	17011705
14860	73123604
14863	13023494
14866	a  13001798
14867	tmp82081141
14869	c  98000347
14870	19015352
14873	06042086
14874	35033427
14875	2002562723
14881	06022252
14882	16023092
14883	2002562725
14884	25011853
14885	41031101
14886	76355456
14887	12034963
14888	01010003
14890	16019418
14891	17024207
14892	12014066
14893	46022425
14895	06046687
14898	12008994
14899	50001361
14902	75007117
14903	08000658
14916	15021391
14917	41042512
14943	19010090
14944	57032121
14946	14018804
14947	01000504
14951	w  06000004
14953	33038798
14954	12031614
14955	20013420
14957	21004168
14958	15019089
14960	04009635
14961	04015279
14962	08000847
14963	ca 17001431
14964	10029625
14967	08008162
14968	08011674
14971	22004345
14973	50036849
14975	2002020554
14976	2002020554
14977	2002020554
14978	99002061
14980	22004383
14984	05040748
14985	19013227
14986	03006832
14987	12017324
14994	04014069
14995	16020385
14996	22006538
14998	2003558343
15000	05005419	80065531	82018191
15001	09013424
15004	04009538
15005	09008595
15007	ca 36001620
15011	19013015
15013	20003266
15015	07007162
15020	12017324
15027	32023787
15029	19008318
15030	77128277
15033	22025805
15036	11006095
15041	2003051100
15042	24011613
15044	17028188
15045	12023542
15054	03012603
15055	09025641
15063	12024175
15067	09014934
15069	23005911
15072	11023301
15074	50009336
15075	28009983
15076	87031514
15077	06027353
15082	22020918
15084	20017403
15086	12016910
15089	17025974
15091	12017324
15093	14016944
15094	16020439
15096	14006299
15098	17012014
15099	03019545
15101	13022358
15102	a  44005035
15108	06020175
15109	03026534
15113	08008280
15114	54003351
15116	19005693
15117	08034830
15118	03027371
15119	01022900
15120	18001598
15127	16021270
15128	91899129
15130	12020358
15132	69010345
15134	unk80009422
15135	86202795
15137	73084197
15138	12006222
15140	10004364
15143	21008835
15148	18018539
15149	52025500
15151	11019278
15154	13002474
15156	22023118
15158	68061663
15161	unk82034865
15162	21021364
15164	10024716
15168	20026558
15173	27001660
15174	15023325
15175	43040291
15178	01016607
15179	30013041
15180	14018879
15187	04015087
15189	20019425
15191	11012958
15192	10023748
15194	18013230
15199	84621143
15202	09031272
15204	02019653
15208	33031816
15210	99032231
15218	03004201
15220	99000132
15223	11010575
15224	03001458
15225	04004581
15227	49030239
15230	18017613
15233	02010330
15234	66004160
15238	60001154
15239	04032130
15240	75106775
15243	15021791
15247	05016520
15248	22004390
15249	20018249
15250	23005292
15251	83010360
15253	05022476
15255	96907285
15258	04031673
15260	42007051
15261	42007051
15262	76144625
15263	31024984
15265	2004047414
15266	19018729
15268	15010767
15269	05015439
15270	12017324
15271	30001694
15274	22006613
15278	10010187
15280	12012490
15281	12022867
15282	32005312
15283	13022808
15284	66004164
15285	15018968
15287	f  01001521
15290	15015467
15291	77577177
15294	04023597
15299	20006297
15300	09014821
15302	26024713
15304	42007051
15306	21003793
15308	17020937
15310	10030203
15311	02009235
15313	50001177
15314	95148749
15320	05033310
15322	sf 89099111
15325	22014784
15326	22014784
15327	03032388
15328	05042966
15329	57000504
15331	sf 89099153
15333	07009643
15334	12004991
15335	98181955
15343	17027749
15345	05007599
15351	15019388
15353	16005612
15355	12038072
15356	11027108
15358	22014784
15359	00064341
15363	07028234
15365	22000672
15367	12025322
15368	33004495
15369	04031597
15370	55055909
15373	sf 89099153
15374	sf 89099153
15376	05040748
15379	03026648
15380	20007923
15383	16007528
15384	16026125
15385	16006440
15386	22014784
15388	f  01001521
15389	44015482
15390	99002766
15396	97037232
15397	f  01000507
15398	14005639
15399	44015764
15402	2002032910
15404	22014784
15406	14014805
15407	08017629
15408	93034478
15409	52002949
15414	14018340
15415	22018920
15419	15022812
15420	19010089
15422	07017955
15424	07036495
15425	05040748
15428	22014784
15429	21006350
15430	11001007
15431	21018946
15432	24004621
15435	06002254
15436	01027844
15440	80455833
15444	13020396
15448	unk83055628
15449	10017327
15450	75102591
15451	22014784
15452	22014784
15454	69018591
15455	74016053
15457	22014784
15458	14005064
15460	19005054
15461	63007095
15464	18005661
15465	06025999
15468	16021789
15470	04000866
15471	22014784
15473	19006869
15478	unk83000251
15481	sf 96091541
15484	06040566
15485	05042970
15487	02010126
15489	22002142
15491	11004270
15496	07018098
15498	06029010
15503	05010054
15506	00002653
15508	08011832
15510	43045647
15511	02021103
15518	22014784
15521	16022281
15523	17006208
15526	51050252
15527	22013319
15529	51054054
15534	22004211
15535	19015404
15539	22014784
15542	14017091
15543	84139154
15546	12032903
15547	15017820
15552	22020050
15553	04013826
15560	09031272
15567	02016466
15568	17016437
15570	16018563
15571	12021682
15572	12005591
15573	03026877
15575	88162534
15576	04023661
15577	11017495
15580	80011525
15581	16013245
15585	04013873
15586	96911741
15590	13000467
15591	19014357
15592	20023059
15595	20000671
15596	42029435
15597	04018015
15600	00056996
15601	22014784
15603	22011443
15604	15024672
15612	16007658
15613	22014784
15614	22003190
15617	11004948
15618	44012306
15619	22014784
15622	13015594
15623	unk82057516
15625	17022305
15627	ca 10001968
15631	22014784
15636	09030792
15642	04027559
15648	02025189
15649	72177156
15650	22014784
15651	16006320
15652	43043151
15653	86132879
15654	08023561
15656	50001549
15658	02017242
15660	14015565
15661	68005259
15664	04005482
15665	18019160
15667	18019248
15669	77577177
15672	08032274
15673	22015849
15678	11032725
15681	09016856
15682	01026133
15683	19015710
15684	42048364
15687	22006924
15689	ca 06002507
15691	12040596
15693	13007818
15694	00002962
15698	11013590
15704	21016315
15705	05023180
15706	12015846
15709	10024182
15712	24027977
15713	99005679
15714	12024819
15716	22014784
15718	20005605
15722	06017002
15727	08028097
15728	15014445
15729	16016352
15735	68027436
15736	13015821
15737	29026785
15738	20008626
15740	22014784
15741	00006653
15743	13001150
15744	01029367
15745	75046268
15749	01011054
15752	rc 01000782
15755	11035802
15758	19011969
15759	13012270
15760	15009700
15762	15010447
15767	13006768
15773	10027189
15774	38012764
15775	07042009
15776	20002057
15779	83045194
15780	12029045
15784	88016360
15785	22014784
15788	16009293
15789	22014784
15792	91815147
15794	21022330
15796	19015565
15797	04021082
15798	04016485
15800	19013462
15801	04031057
15802	16001307
15809	85211404
15810	63011026
15812	09017563
15824	04000646
15827	22014784
15828	22014784
15829	84016139
15830	03006127
15834	02024265
15840	sf 89099285
15843	20022039
15851	22020941
15852	12021954
15853	34037782
15855	08032634
15856	24011651
15857	53000016
15858	14007480
15859	07017952
15861	04006885
15863	56053809
15866	12026916
15867	08030930
15868	06046183
15870	50036838
15872	06005624
15873	13002840
15875	06039941
15876	sf 83001177
15879	01030290
15884	03008925
15886	69018589
15888	33028293
15893	12000281
15894	10007790
15895	05042967
15899	04024560
15901	68077527
15905	03016507
15906	06035945
15907	25020330
15915	44023483	44023342
15916	22014784
15917	22014784
15918	22014784
15919	22014784
15921	14003322
15923	13018041
15927	22011594
15929	01030112
15932	14030982
15934	00003834
15937	19025937
15941	01031614
15946	19015909
15950	00006543
15953	08009528
15960	17020144
15962	03013247
15964	12007743
15966	11010514
15970	22014784
15979	08000585
15983	16023426
15984	04017209
15985	34025494
15989	07012133
15991	24016750
15992	57006378
15994	03024207
15997	16012770
15998	16012770
16024	22014784
16025	22014784
16026	98001012
16029	22014784
16030	22014784
16031	22014784
16032	22014784
16042	22015075
16044	30033483
16046	06034637
16047	99005417
16048	21003629
16050	08020096
16052	46011850
16053	unk82040505
16054	14010074
16055	16017098
16056	17018974
16064	22024847
16070	03005027
16073	15023122
16074	17015972
16076	20019512
16078	18018786
16080	ca 07001383
16081	11007591
16082	21011068
16088	18004717
16089	16013192
16092	ca 07005337
16094	08010818
16095	ca 07002001
16096	00001157
16097	06006121
16100	01025434
16105	05041592
16106	06003449
16110	45034146
16112	ca 06002749
16114	05042986
16115	17024403
16116	14014493
16119	47031748
16123	sf 89099153
16124	sf 89099097
16125	22026985
16129	ca 07000902
16136	03024198
16139	22014784
16140	03026874
16142	58062107
16144	43041609
16148	21021316
16155	19013810
16156	04021662
16158	68029009
16160	12005496
16168	unk82060625
16170	14022917
16173	sf 89099153
16175	22014784
16176	22014784
16177	22014784
16178	20006951
16179	22014784
16180	10018864
16182	99000601
16183	74009025
16184	05031862
16191	22014784
16192	22014784
16195	01014944
16197	21014550
16198	07017031
16199	10032918
16201	24007887
16202	40006468
16207	08002011
16217	88953713
16221	09029194
16222	06007968
16224	03025380
16225	unk84062632
16227	06012343
16233	50000814
16241	99004926
16242	12039783
16247	07029005
16248	08035265
16249	12004139
16252	15019862
16257	16018916
16258	06007969
16261	13018120
16265	10020798
16267	50000701
16269	08026840
16274	07015394
16275	50000667
16276	31009267
16277	57061022
16282	49041087
16283	07003893
16284	66027143
16285	45031248
16287	07024573
16288	14018880
16294	04032336
16296	34031313
16298	14016674
16299	a  53009889
16301	09028933
16302	09028933
16305	13025470
16307	02027521
16308	07017253
16309	13022383
16310	unk81042270
16317	15005450
16320	06022773
16325	04019971
16328	12030637
16331	unk83000251
16332	02022683
16335	50002264
16337	15025131
16339	06002340
16342	unk84136944
16346	50006886
16350	27023194
16351	unk84114967
16352	05007599
16355	30004602
16356	03011479
16361	sf 89099097
16363	unk83000251
16370	16023154
16372	22011803
16373	13010503
16375	09007573
16379	10004577
16380	22010240
16381	20018656
16398	06033692
16399	04022794
16403	unk82055371
16407	05006318
16408	79304820
16410	14000483
16414	02025602
16415	tmp92009689
16416	18009102
16419	14014041
16420	mm 83093047
16421	f  01001673
16424	15021648
16431	unk82104585
16432	14016607
16433	21018891
16441	a  22000133
16442	11014538
16444	96911360
16445	06036771
16447	14017921
16448	04028958
16449	03004589
16453	15018112
16454	12025384
16458	16021140
16459	unk84062684
16461	14018578
16464	14013560
16466	01005692
16467	15004628
16468	06040023
16470	18022885
16471	05040748
16473	04018027
16475	22014784
16478	04017110
16479	21021902
16480	28022651
16487	16002028
16494	05018381
16495	18008479
16496	02022806
16498	22014784
16500	19017614
16501	03006936
16503	16005809
16505	02021106
16506	50001611
16507	ca 10001825
16510	36037638
16511	02022806
16513	19013616
16516	11012575
16517	67112217
16520	13024468
16521	20005996
16525	04004097
16526	05021055
16531	03002006
16532	28017932
16534	17014115
16535	99003010
16536	02022806
16537	05035297
16538	32035936
16541	20017084
16542	16021353
16545	03014509
16546	96907285
16550	29024298	74166513
16552	17030691
16553	19013516
16554	18019300
16555	02022806
16557	03027796
16558	11015086
16559	74160881
16565	rc 01001477
16568	19000388
16572	04009194
16573	13019335
16574	14021002
16577	12024007
16580	22014784
16581	28000713
16587	14016674
16588	19005442
16591	42031586
16593	12009543
16595	14004763
16596	07029093
16598	19010990
16599	21016199
16600	19014937
16602	13021458
16603	11028585
16606	12037661
16610	02022806
16612	12024920
16613	19006149
16615	77025236
16616	73025235
16617	02022806
16622	12024429
16623	14010884
16624	31012634
16625	76461846
16626	18020397
16630	07026019
16635	06000131
16636	14021740
16638	09007381
16644	21018799
16646	18021221
16647	01024219
16651	22024773
16653	42012812
16655	14018044
16657	22006832
16658	81012536
16659	37005627
16665	77577177
16667	04037230
16669	02022806
16672	04016739
16675	14021627
16677	12005154
16680	unk82077147
16683	17020670
16685	17029848
16688	24027783
16690	22006271
16691	18018520
16692	22013776
16693	12023709
16695	05030537
16700	tmp90000234
16702	unk83000251
16705	14021044
16706	22025027
16711	44026497
16712	33024472
16713	a  21000605
16716	12027595
16719	08013724
16728	unk82008088
16734	57044559
16736	04013857
16737	unk82056554
16738	02022806
16740	49050004
16741	06037251
16745	73013672
16746	07029534
16747	08034239
16748	02022806
16749	02022806
16750	08000317
16757	12026535
16760	02022806
16761	02022806
16762	02022806
16763	21027474
16764	15002836
16765	15002836
16766	03014983
16767	05029515
16769	44032773
16775	05017776
16778	41030970
16779	05032768
16786	04030973
16787	12036686
16791	86163711
16793	10028355
16797	34016727
16798	ca 10001950
16799	21015188
16801	22020301
16808	08027167
16809	22027487
16810	79102978
16822	11026838
16823	20005187
16834	05000057
16836	07019147
16839	72025433
16840	05002415
16857	14021002
16858	15008573
16860	08008983
16863	2004269173
16864	02000289
16865	17024980
16868	16001674
16870	22009360
16871	18020776
16873	07006091
16875	12033983
16876	12033983
16878	tmp89000279
16894	91953938
16895	91953938
16900	05010171
16907	17030045
16908	10018653
16914	2001018335
16916	50000698
16917	40025185
16921	77025452
16923	16021069
16927	13000448
16929	18018354
16931	06042960
16932	16005498
16933	01009737
16935	00006940
16942	03015828
16945	17008081
16947	90953751
16954	16019169
16956	ltf91076855
16957	03003211
16958	79104546
16960	21004402
16963	18017248
16964	16026854
16966	14007521
16967	07028940
16968	21001674
16975	unk82046149
16978	21000965
16981	17268794
16987	11008865
16991	21018168
16994	03026724
16995	05024858
16996	32030350
17000	12013521
17001	39008733
17007	49041764
17016	19001899
17017	22021330
17018	22021330
17020	06012858
17021	04015382
17034	18020967
17037	02007802
17041	17011929
17042	16005479
17048	14016200
17049	04025107
17050	27021561
17053	02005222
17060	05014033
17062	14021002
17063	07025082
17069	12032122
17084	07003516
17085	71077001
17087	13020845
17088	20007422
17089	65024147
17091	21021414
17094	18020936
17095	ltf91076854
17097	ltf91073779
17102	2003576529
17104	69012080
17107	03025380
17108	15008430
17110	05032896
17112	42008342
17113	57052249
17117	15002187
17119	unk83025005
17128	06019061
17132	05018323
17133	06019002
17134	21006260
17136	00004525
17141	16004582
17144	07028969
17146	24022216
17147	85008833
17148	16005476
17149	19018318
17152	05039865
17154	12002572
17155	84901581
17157	87953054
17158	15001770
17160	14010185
17161	2004400410
17166	00006978
17168	13007663
17169	ltf91070865
17170	16005493
17173	04015066
17174	06029525
17175	15020300
17176	11001448
17179	12014250
17180	20009476
17181	10027304
17182	99005907
17183	09002684
17188	98000038
17192	62055874
17194	03017687
17195	39017838
17196	05019452
17197	15013472
17198	99107520
17199	09007381
17201	14014964
17204	43038631
17208	02000189
17212	00001605
17213	49038873
17214	04030592
17215	w  06000187
17218	22018064
17220	25013048
17222	03001866
17224	07017755
17228	08001248
17229	20005609
17237	19018608
17239	17014864
17241	12029133
17244	09020043
17249	12016361
17250	18018018
17253	99004539
17254	10025818
17255	07001496
17262	16005478
17265	unk82040617
17269	14016377
17275	16005483
17276	20015510
17277	20015511
17278	09008700
17279	99001109
17286	16005503
17289	12001061
17294	23009669
17302	12020255
17314	tmp93001212
17315	59005789
17316	17020723
17318	20012400
17320	14030274
17342	42043757
17349	37032796
17350	82220241
17352	00001671
17354	77116688
17361	17021802
17364	05033195
17366	83207086
17370	09024101
17371	55047043
17373	10000116
17374	56048423
17375	41042399
17376	41042399
17377	41042399
17381	22014578
17384	02019303
17388	05030258
17389	09016976
17400	12013526
17408	09007583
17409	sf 89099153
17413	42030353
17415	unk82069153
17416	07039227
17427	18012111
17429	00004732
17435	08037781
17438	22019711
17442	08008618
17444	04017083
17451	16005477
17452	12037963
17456	16021128
17466	sf 89099153
17474	30000605
17476	16019827
17477	20016161
17478	99005544
17480	07029136
17483	14014041
17487	16005517
17488	16005525
17496	12032334
17497	07010536
17498	01023051
17504	10024913
17510	16023623
17512	unk82085561
17513	sf 89099153
17514	06019007
17535	11023507
17541	f  01002639
17548	73176105
17549	d  01000281
17558	29030117
17563	12029969
17569	04029689
17570	15008133
17571	75014759
17572	06004636
17582	08015532
17587	15015783
17588	17004795
17589	12028877
17597	13007667
17608	07018128
17609	36003438
17616	01022990
17617	07000741
17622	15024732
17624	03025380
17627	11000773
17633	19010855
17648	98000923
17655	17027867
17658	13002841
17663	04012672
17680	09025632
17683	unk82085561
17690	02024926
17693	33038149
17695	69016627
17697	20017175
17698	17026992
17699	80018028
17700	02023269
17713	unk81006131
17719	21007735
17730	16005499
17733	99001271
17742	16005489
17745	18004547
17748	66039838
17751	09033660
17754	75031269
17761	29003268
17763	17029867
17764	85116226
17768	04017933
17772	a  23001954
17774	11028000
17778	15002890
17781	ltf90003095
17783	45000210
17784	07035216
17804	37006515
17806	03022372
17808	f  01000001
17823	07032834
17825	07025076
17833	51012971
17841	10022795
17844	05033981
17845	59010887
17848	21012088
17851	84194457
17854	74081114
17855	agr16001178
17857	68031084
17859	73322430
17860	53053025
17861	16019648
17862	03017122
17863	06007211
17864	09005559
17866	52012203
17867	07025509
17871	74168066
17872	07006395
17873	07041817
17875	2002004919
17881	10005852
17884	73018587
17892	11024403
17893	19025951
17901	19015755
17903	87953023
17909	01024862
17918	17016218
17920	04001022
17928	12028753
17934	11002351
17937	09025816
17952	09027448
17953	25025012
17956	20005788
17957	01026019
17961	10007145
17964	02016926
17966	agr22001222
17968	01027204
17976	20019520
17977	w  06000078
17978	war16000064
17981	14008241
17985	61001631
17993	29012036
17998	20003879
17999	41033250
18004	16023086
18007	15019764
18012	12020255
18013	05005106
18019	22011294
18020	15009740
18025	39007647
18026	19002598
18033	10007662
18038	21017105
18040	96175706
18048	16023798
18052	06030672
18053	02014600
18054	06033691
18057	08024448
18058	12032489
18060	07030840
18061	06045100
18065	12020255
18070	03016394
18073	04029841
18074	14007842
18075	13002213
18077	13009367
18091	07006036
18092	f  01000816
18095	20007371
18096	16004395
18099	06010479
18103	16023470
18104	14000465
18117	18021694
18118	16017130
18131	08024850
18134	17007955
18136	16016776
18148	32005117
18149	03007169
18150	22000655
18156	13009367
18164	11018459
18174	08001465
18184	16005482
18185	09024255
18187	22003489
18189	54001545
18190	31019505
18195	sf 85009973
18203	36002752
18207	03014544
18214	04023753
18222	06016617
18227	09000100
18229	12020255
18233	ltf90004113
18238	38001932
18242	25002396
18249	09029332
18250	15024363
18252	07038541
18253	18005233
18254	sd 18000123
18259	22009877
18266	05037170
18269	65011079
18270	49056393
18274	03008924
18275	16019170
18277	20007373
18281	97187514
18284	02028412
18289	05042298
18290	16011507
18293	sf 85009973
18300	12010962
18302	79347205
18304	17030047
18307	13022508
18310	16024320
18314	01027080
18317	78375764
18318	01029187
18323	20007369
18324	17031657
18329	97142994
18332	06038132
18333	16016680
18334	16016680
18335	15011713
18336	11013729
18338	13025781
18341	15002184
18343	38027626
18344	w  09000344
18347	14005391
18352	04009214
18353	f  01001636
18359	13005573
18360	15002188
18361	54005693
18364	19008145
18371	04027690
18380	17006755
18383	15007637
18388	17013543
18390	17029760
18391	16003261
18395	sf 85009973
18396	30006794
18397	01030887
18401	33038149
18402	33038149
18408	12020255
18410	14005819
18414	sf 85009973
18417	15002191
18418	ca 08000586
18423	06020714
18434	11011217
18435	11010336
18439	15006641
18442	04017302
18444	25019064
18449	06026481
18450	07009782
18452	00006194
18458	57005898
18459	73006347
18464	a  43002687
18465	a  43002687
18467	85665736
18470	20007290
18478	06033381
18483	18014505
18486	14002324
18488	14016759
18489	16007661
18492	60007199
18493	a  45000640
18496	07010533
18497	17006753
18498	12027190
18499	15019187
18501	sf 85009973
18504	07031164
18505	21015102
18508	06018972
18509	17013018
18511	14016674
18515	15025467
18517	60006430
18520	55001196
18525	15013368
18530	22023358
18532	46045174
18538	30031892
18541	05021351
18548	12020255
18549	05042955
18551	31035599
18552	23017455
18555	01001656
18556	10033297
18557	12008425
18559	12022285
18560	04011733
18562	04018019
18563	08021615
18564	w  07000112
18565	12034303
18566	23000185
18567	75583566
18569	25005224
18570	16017338
18571	07006643
18572	04022988
18582	08034853
18586	33038149
18590	26009350
18593	27005350
18596	15002198
18599	15005449
18603	52005772
18605	01007302
18612	16018026
18615	15008719
18618	15009851
18619	30006794
18621	17018707
18622	04016133
18625	22017791
18631	06023113
18633	11026254
18634	02002686
18636	23101114
18638	21003588
18639	13006307
18644	72140329
18646	08034851
18647	08036146
18648	ca 30001340
18651	08007681
18654	28004841
18659	21000230
18663	10006452
18665	10022256
18667	20008022
18668	04014368
18674	19027596
18676	18018944
18677	ca 33000388
18679	05011625
18684	09018720
18696	14014041
18698	11008863
18705	a  40002189
18708	a  40002189
18709	25011596
18713	95233207
18714	11026410
18719	53007292
18721	14012076
18722	12020255
18723	05041816
18730	13007848
18733	12019140
18734	a  43002687
18741	07006709
18743	23026023
18745	10006452
18746	22014784
18753	53003911
18757	unk82090406
18759	05028761
18761	00004394
18764	49032766
18765	02019817
18766	04009202
18767	04031527
18770	06043166
18771	27019462
18773	33038149
18774	19014352
18776	a  43002687
18779	09012631
18784	05041583
18786	54004974
18787	04016969
18789	13016654
18790	03013363
18791	04033183
18794	02028750
18798	05041841
18803	41042135
18804	tmp92001791
18817	38021549
18818	16005470
18821	03002566
18822	04015158
18824	00005707
18826	33038149
18834	06034683
18835	2004052724
18841	unk83055628
18842	unk83055628
18845	14002329
18847	unk83026818
18849	40020947
18852	12017324
18854	07038528
18860	05002473
18869	16005473
18872	68030802
18874	10024482
18875	15018828
18881	06006127
18883	02025599
18885	sf 89099097
18886	10007785
18900	15019874
18901	17029164
18903	22017732
18905	19005443
18906	12010962
18910	16001303
18911	08012976
18915	31029592
18927	10002605
18934	23016393
18935	07034664
18936	08034965
18938	02008141
18939	14005353
18941	20004767
18945	22014719
18948	18014081
18957	06007222
18959	17029362
18960	74015973
18961	23003013
18965	11029232
18967	07016591
18971	12025578
18973	04009839
18975	10022101
18979	05028896
18980	sf 85009973
18984	02019292
18985	36037628
18988	01005231
18992	04004042
19003	43035282
19004	40036245
19005	01031872
19009	00006407
19014	71090590
19016	10016237
19020	26023570
19027	54008561
19028	13002333
19032	sf 89099097
19034	70518122
19037	12020255
19038	12006803
19039	01023787
19042	10023192
19044	09016853
